[Grid]
top=50.00000
bottom=0.00000
left=0.00000
right=100.00000
